name-
Intermediate2
129,133,167,221,262,296,345,368,373,417,469,472,488,512,525,556,619,664,676,685,748,761,775,828,865,894,927,934,966

Expert1
135,144,162,198,241,267,314,356,371,411,434,473,497,517,539,572,596,626,685,731,748,763,792,822,849,865,881,919,977

Expert2 (only 6 cell got solve from old algo(4rules))
124,177,191,211,229,242,298,315,343,433,449,464,576,635,646,668,714,747,818,823,844,899,927,975,992

Hard1
121,158,185,223,245,257,264,286,334,377,422,448,463,489,538,574,627,642,669,688,735,776,826,841,852,867,884,928,956,987

Very Easy -1
119,141,162,193,213,221,245,258,264,282,299,312,324,346,359,363,387,391,449,461,515,529,534,552,571,583,586,643,666,714,722,747,753,765,786,798,816,828,842,851,869,885,894,917,944,968,992

Hard - won with x-wing
123,154,188,214,245,257,262,271,343,368,429,483,511,527,533,575,584,598,725,751,786,817,846,859,863,872,942,967

Easy - (from web UI)
179186225238252283326334353372423462499537556563636644668721739758796816824835878892913928932949984991
